1.122114607540968478e+00 8.147717341718696549e-02
-8.188294130836690776e-01 5.879006390794999648e-02
1.613709660987544092e+00 -1.246459001223859664e-01
-9.230091836872231781e-01 3.652288989804420849e-01
1.438514623096200373e-01 4.438004920995997082e-02
1.644724657204210683e-01 1.173834567775134119e-01
1.338770617485967929e+00 -2.380099332066736850e-01
8.711486149043728977e-01 -4.227175871908828708e-01
1.831299462797305821e+00 -1.410438279119047844e-01
4.875712016409383676e-01 6.390928295021812700e-01
3.746235110753284858e-02 4.235880904623242627e-01
-4.439168525532455334e-01 8.967393121026790981e-01
-8.122294944924991489e-01 9.120909237685235205e-01
1.635523123713514160e+00 -3.499967597774374939e-01
4.735390366660508499e-01 9.573425992910307158e-01
7.535493164070560246e-01 6.237271428204224089e-01
2.642128178390428794e-01 -2.424198284234080070e-01
1.427557256087963466e+00 -3.725103576299689800e-01
-3.723560573104892635e-01 9.566917098622661486e-01
-9.613019674806484449e-01 3.260901116861044668e-01
7.808584676599847896e-01 7.974894021183522863e-01
9.166090294455648824e-01 -4.276384380548350350e-01
1.047038090310681291e+00 -5.444924698666057106e-01
-6.036305416492536435e-02 1.196090881330536815e-01
2.918953804035568506e-02 3.068389970073249762e-01
-3.957322548540573859e-01 8.965438948324498947e-01
-1.046459096804330940e-01 1.117883128977460894e+00
1.881100036921794283e+00 2.992025679826516571e-01
8.274087792502121674e-01 3.449771713089004876e-01
1.297771115146736820e+00 -3.665431509983857472e-01
-6.768928469782971025e-01 8.555995736897581416e-01
5.295299531938407744e-01 9.473559409714690238e-01
-8.438022913586615825e-01 6.047398224478229833e-01
2.659847077207925237e-01 8.873219859622184513e-01
1.374038616423987613e-01 3.978568935402354567e-01
-9.104393600278938292e-01 -9.709664085661444399e-02
1.337400311350814830e+00 -3.674119739962020681e-01
1.022577194611146156e+00 -3.975264934344054368e-01
1.024901317602423756e+00 -5.486392982686429942e-01
-7.508958968579264592e-01 2.532877224572352981e-01
1.202816316877405756e+00 8.115381856609327205e-02
-4.691021217169902280e-01 7.807962193408648499e-01
7.408366765236178431e-01 4.592325371321421823e-01
7.869051168340989166e-01 7.662474609621818811e-01
-1.300519139789317047e-01 1.119389404636236041e+00
8.040230610618104290e-01 -4.231544735547401181e-01
2.833036700259678464e-01 -2.194407109638437103e-01
-7.110553964392495319e-01 7.116388049480357747e-01
3.026245209248618062e-01 -9.338908609846947873e-02
8.079146318191945397e-01 3.365383255897499426e-01
-9.416269141193682746e-01 1.680185762793140192e-01
1.140814847837778645e+00 -4.628971850986816627e-01
-1.571375222251108761e-01 9.321066421784752754e-01
1.715043704763807852e+00 -1.836200877229650086e-01
3.724657543404452653e-01 -1.260784124356736369e-01
-7.430957763302336039e-01 6.989516672603877101e-01
6.814248911657478924e-01 6.856342393422459880e-01
8.686124799437664468e-01 -3.727861752564913256e-01
1.002295748910335016e+00 2.168747846738719731e-01
-1.022193905514094281e+00 3.975082133877553825e-01
-6.107625808608383444e-01 8.311713693476313614e-01
-7.766830470454347823e-01 6.436093225034622556e-01
1.105300014432509137e+00 2.191628114926023607e-01
-1.789045971758057296e-01 1.069597735272773242e+00
4.049830567528996950e-01 8.264783367858083984e-01
1.814573003608415336e+00 3.452537622652203375e-02
-7.912856268533402515e-01 2.000688093456223504e-01
1.981731485496306622e+00 4.607605346796224133e-01
7.324279558673509882e-01 -3.996575433062431459e-01
2.111416474903193841e+00 1.806407083087605558e-01
2.162055978643614651e+00 4.942338188202992089e-01
8.962454195875717566e-01 4.615360628256799380e-01
3.734937590184516099e-01 1.044983011653065841e+00
5.849645542492798445e-01 -3.212598407376711651e-01
1.763297879237741839e-01 1.974557189858338335e-01
1.091156458718814809e-01 4.815570106829240582e-01
2.975327482636304643e-01 9.958363866186998870e-01
9.604657197275069669e-02 -4.626986295341695837e-02
4.746436366619598002e-01 -1.051264744039318300e-01
1.116347111457144159e+00 -4.155343729894621640e-01
5.536275879061198779e-01 -4.231258209834855566e-01
1.895280993388613333e-01 1.018356545599189866e+00
1.945669136869292881e+00 -9.530340399589190548e-02
-8.462662114050496787e-02 1.072623417453487660e+00
1.168580083365508226e+00 -2.848107009138754753e-02
1.244684672880165821e-01 1.057250310823187434e+00
2.033899239893227406e+00 2.847297991630526326e-01
-2.800053795270451146e-02 1.707676393016532290e-01
7.409348125505572646e-01 4.141143831184790902e-01
7.939470343137883246e-01 5.597258004647197582e-01
8.687426245818287152e-01 -5.301471985675344500e-01
1.618744346500766262e+00 -3.258452871084818181e-01
1.429865642450078411e+00 -4.733421033096058550e-01
1.974804351330765151e+00 -1.779316218535014760e-01
1.853563471759980263e+00 3.422639581001494236e-01
1.749121635119567086e+00 2.833902470934698825e-02
-6.856688883596882000e-01 4.653569357029513354e-01
1.752374345064964034e+00 1.645205143036781448e-01
1.807895511750908790e-01 -2.954176191644064531e-04
1.210829726475844137e-01 1.065552252243700648e+00
